function color_matrix=artistic_color
%set(axes1,'Colormap',artistic_color)

color_matrix=[0 0.200000002980232 0.400000005960464;0 0.225000008940697 0.425000011920929;0 0.25 0.450000017881393;0 0.275000005960464 0.475000023841858;0 0.300000011920929 0.5;0 0.325000017881393 0.525000035762787;0 0.349999994039536 0.550000011920929;0 0.375 0.575000047683716;0 0.400000005960464 0.600000023841858;0.0188948307186365 0.413547247648239 0.609982192516327;0.037789661437273 0.427094489336014 0.619964361190796;0.0566844940185547 0.440641731023788 0.629946529865265;0.0755793228745461 0.454188972711563 0.639928698539734;0.0944741517305374 0.467736214399338 0.649910867214203;0.113368988037109 0.48128342628479 0.659893095493317;0.13226380944252 0.494830667972565 0.669875264167786;0.151158645749092 0.508377909660339 0.679857432842255;0.170053482055664 0.521925151348114 0.689839601516724;0.188948303461075 0.535472393035889 0.699821770191193;0.207843139767647 0.549019634723663 0.709803938865662;0.247385621070862 0.569607853889465 0.708823561668396;0.286928117275238 0.590196132659912 0.70784318447113;0.326470583677292 0.610784351825714 0.70686274766922;0.366013079881668 0.631372570991516 0.705882370471954;0.405555576086044 0.651960790157318 0.704901993274689;0.445098042488098 0.67254900932312 0.703921556472778;0.484640538692474 0.693137288093567 0.702941179275513;0.524183034896851 0.713725507259369 0.701960802078247;0.563725531101227 0.734313726425171 0.700980424880981;0.603267967700958 0.754902005195618 0.700000047683716;0.642810463905334 0.77549022436142 0.699019610881805;0.682352960109711 0.796078443527222 0.69803923368454;0.711229979991913 0.797860980033875 0.667023181915283;0.74010694026947 0.799643516540527 0.636007130146027;0.768983960151672 0.80142605304718 0.60499107837677;0.797860980033875 0.803208589553833 0.573975086212158;0.826737999916077 0.804991126060486 0.542959034442902;0.855614960193634 0.806773602962494 0.511942982673645;0.884491980075836 0.808556139469147 0.480926930904388;0.913368999958038 0.8103386759758 0.449910879135132;0.94224601984024 0.812121212482452 0.418894827365875;0.971122980117798 0.813903748989105 0.387878805398941;1 0.815686285495758 0.356862753629684;1 0.804575204849243 0.33464053273201;1 0.793464064598083 0.312418311834335;1 0.782352924346924 0.290196090936661;1 0.771241843700409 0.267973870038986;1 0.760130763053894 0.24575163424015;1 0.749019622802734 0.223529413342476;1 0.737908482551575 0.201307192444801;1 0.72679740190506 0.179084971547127;1 0.715686321258545 0.156862750649452;1 0.704575181007385 0.134640529751778;1 0.693464040756226 0.112418301403522;1 0.682352960109711 0.0901960805058479;1 0.656644880771637 0.0976034849882126;1 0.630936861038208 0.105010896921158;1 0.605228781700134 0.112418301403522;1 0.579520702362061 0.119825713336468;1 0.553812623023987 0.127233117818832;1 0.528104603290558 0.134640529751778;1 0.502396523952484 0.142047941684723;1 0.47668844461441 0.149455338716507;1 0.450980395078659 0.156862750649452];
